141548 147485 138196 139735 133516 126186 150824 119470 127116 124229 150953 97933 128329 109866 118274 142433 145078 128014 127181 116665 123007 123954 133817 125131 123318 138357 128445 134399 144338 113253 123037 100739 113777 121016 134746 130014 132677 120308 134193 112409 125500 154162 129405 117362 105905 119388 124213 135036 119834 144240 
128782 137244 124519 117775 105090 132215 115978 111857 115772 102487 134895 96482 111060 117193 109946 119477 122793 118082 106531 93880 114000 114908 112328 119677 119521 131074 94754 100689 112801 100276 106436 100736 106372 98655 122520 125660 121484 103456 122611 109852 107755 131272 119161 103535 98928 103718 109848 118758 104850 136101 
131725 140795 134953 131434 120120 113573 127347 118710 126131 115867 147276 102150 112193 108373 109899 129726 125263 131522 113679 107599 116473 125941 117624 122203 107677 140305 118109 127264 123106 120823 120685 107997 104797 108483 129947 133180 133068 122150 128438 120863 108302 142627 137030 103790 100264 106686 115498 129647 103026 142538 
135977 150837 130856 142246 123392 123789 144396 134247 143030 135593 156677 123856 129790 114240 124325 141835 133311 129929 129964 108259 116303 139718 122160 145033 117388 149069 121386 135606 130396 121769 129188 115102 120196 112791 145259 142537 133630 125403 135396 125517 123483 144940 138061 116635 107942 121433 138977 138452 112243 151945 
136130 133078 130022 125034 118587 116068 131350 113768 125325 110888 139856 106145 113177 111104 115304 139426 118757 118923 115536 96960 114768 120155 121867 134366 123168 139565 106291 128241 119603 109393 115310 117155 106808 111831 125140 127584 116808 118732 133911 119766 111652 138210 119612 113912 113672 118143 121521 124845 121470 138023 
103919 106046 96731 104858 94967 93895 110241 91099 110824 94325 116107 79083 93431 94930 83617 113949 89514 96438 89544 75877 99742 92263 104917 107853 99733 126236 79622 115171 97582 80057 92157 104584 79239 90033 98348 100770 116445 92294 115539 98869 107508 106192 114596 103422 84967 92303 104010 104501 93638 117872 
137858 133256 122152 124912 115531 100473 123290 128086 124626 102680 137144 106745 117658 115598 102495 121622 117797 113730 98401 110347 121128 130353 117101 125241 112391 129830 99460 123896 111868 103613 111890 110377 103015 113281 132203 125269 132882 113622 137374 108395 111619 126874 125401 110126 102044 101421 112404 118703 106509 137977 
149602 131281 133526 132259 132611 122475 145200 121149 135912 128165 149387 113039 133204 116696 131073 135870 132518 116060 126494 123633 125003 131287 134924 131388 127349 151605 113836 137237 137204 110587 123811 120446 111215 121260 133431 131601 122758 129536 144331 124576 123710 133230 134704 112542 114330 112623 131263 125597 113723 148697 
134929 140958 129872 127499 120172 108400 120502 116775 118275 105989 141788 96949 116065 107259 105581 129062 116146 114333 104993 103376 116953 115766 118694 136077 117802 143265 104028 122331 117448 109053 119062 111452 91715 100008 132219 135158 128784 116628 136370 106285 112092 124965 123214 109011 106937 110419 106673 112269 104149 135434 
141512 144954 128015 126347 126925 117420 127663 131789 131929 121562 157888 105155 109912 113338 103458 135831 138151 130017 116307 102378 116292 127158 115962 136329 124166 136320 109166 121358 114652 117774 130334 105064 103831 118110 134405 135193 127745 117440 127965 122828 107538 134241 124523 108749 107017 117752 121515 113972 119425 147878 
140184 140777 117507 121119 119903 116072 141909 125874 127614 115617 148893 123719 120333 124908 110174 134652 129470 116511 123193 98553 110387 114892 124601 135525 128809 144675 107524 131044 120062 110211 110144 116248 110714 104207 139121 146904 130195 115224 138587 126187 116361 131250 127084 113910 114762 117440 131026 128682 120407 141535 
123009 114242 114798 110747 103061 102919 114517 108151 99909 98846 127659 90068 92676 112717 99058 130172 102734 116419 106812 89780 103970 100733 104243 110183 106323 112846 84088 102527 110368 92530 96747 96032 90073 100920 108458 112439 101190 99119 121989 100192 101743 109272 109882 92260 91129 105848 106634 110863 94069 115084 
129629 130793 119835 115339 120381 108348 133114 119304 125247 111821 148763 108423 112552 103584 97617 125518 117927 103973 102775 100745 100232 123628 110826 119272 114648 125253 97336 116017 109102 100053 99921 101400 108119 108362 119265 117657 116583 108288 120769 111283 97288 117621 122436 99869 100804 92783 110205 115188 105889 141401 
140235 142717 126202 136025 126908 126073 134274 122031 132002 115956 146632 106671 109856 116497 117308 143364 120387 105144 118096 107733 116552 127271 119751 139641 134338 144882 117086 130308 116475 106913 112433 120048 120233 112400 132867 131819 131153 114388 138939 111622 118343 133767 123271 106769 110300 111972 124609 127118 118993 140354 
115814 131475 113203 104340 102577 104406 108641 119649 113935 93442 132063 94937 98083 111390 95975 113367 114038 112746 100462 101022 97586 104831 109388 112444 105312 118126 92903 108646 108737 97173 95818 99506 94060 106239 122822 115490 112066 111322 112012 96485 111947 125990 115591 104530 93891 106742 105474 112791 104478 115461 
140320 146460 143834 134850 131945 138172 128682 117608 121397 113622 145979 113369 123050 126399 126014 151439 124234 121272 115225 98862 130316 126663 117262 132478 131787 136669 115163 125381 128150 115832 106254 118131 106863 118262 120836 137803 127548 113346 126927 119276 127342 128740 121523 110913 115049 127090 128082 123507 111447 139933 
127210 122868 123466 113667 117097 117392 116428 104948 113665 100878 125205 90045 98990 99188 109099 122578 119595 119312 104333 82235 118376 109675 116588 117164 109481 122457 101888 99839 113640 100535 116174 99751 95178 102923 110511 111229 120482 100043 120357 109954 97928 129397 108632 89828 87444 106634 113044 111859 98659 131448 
146346 159068 145378 139079 128631 129259 150020 129267 136835 124805 157325 110180 119567 127527 128115 156899 144054 136687 126829 120220 127484 137639 126435 148937 145366 152182 116838 144265 136184 132441 119627 122669 121347 111066 145085 143565 136897 121495 145564 130954 127909 146810 127454 121577 126345 124309 126001 136294 117733 156205 
129920 140537 117520 122171 117269 114027 127954 115518 119489 103896 144596 108233 115118 114628 107905 131858 118062 117318 109808 102306 111122 114986 122084 124982 123159 141313 99799 131424 122140 111486 108825 119904 100220 107186 131675 123636 129359 119118 127147 122871 124942 130423 125450 108286 105292 118653 120273 124925 116542 134732 
123506 126888 129024 121041 110370 116582 124958 110718 107032 109519 123736 100885 123295 112421 109770 124738 118043 108650 99036 80396 120036 115550 110530 115889 101711 116693 104557 111478 115893 94450 98159 96902 96096 101127 111178 126015 117879 111376 111829 114040 112985 120629 114440 107646 95774 112911 119325 124352 99095 122146 
121229 139814 121493 125256 113583 107306 126198 121347 123233 107146 139259 109750 108651 108761 95755 128004 126982 115419 99443 100661 113680 124476 97548 114850 109811 117901 109026 118104 115904 111424 99969 100077 102990 104941 129468 120783 120593 104093 127303 109644 110538 124990 117324 100596 96751 102421 110964 112106 102298 131028 
122512 138828 114053 115161 118811 118070 130545 107896 124445 103374 138784 103525 112708 102489 104957 125343 116282 111349 108684 99514 112287 114217 130150 118720 128942 130356 105094 123564 115186 113254 107909 119899 101739 108875 110235 115733 126164 100407 124358 113335 118866 131538 117948 98521 96766 98248 117670 121458 107293 144087 
131828 130214 121324 130567 112043 112119 137034 117326 126542 127919 153464 109277 112824 120222 116750 135528 117651 131916 115190 95917 115271 118782 119133 120083 111075 146306 117752 129278 125286 110249 113388 115341 104745 111701 131187 127540 134569 133682 129909 123976 118341 124461 134290 106126 108790 113867 121574 131477 113378 129159 
142601 141225 125921 130538 124629 131937 133729 126919 129059 122692 151633 107222 113845 130790 114628 151700 121604 132687 121952 112035 128526 127343 119683 137918 129695 139563 99883 130743 129365 111781 118591 110275 107086 130274 131036 131053 124071 118416 138732 117863 119497 137936 142318 119296 117074 119921 123489 132247 108830 147385 
129564 139421 122912 126674 114802 113229 143521 127451 117577 105522 141724 107782 119090 111735 106240 127463 119138 112867 120315 102413 105173 114460 126079 134533 119800 133135 111986 124522 117174 106997 99551 112229 112453 112645 128435 122301 127670 121991 129195 115088 123053 136013 115508 119660 103056 113984 122734 134049 113229 133684 
129076 139603 120389 121588 119156 111742 126599 115837 118719 107408 150569 103505 117398 114728 106239 136526 107469 118973 112151 99719 108400 117125 115373 129532 114144 141604 107496 127922 122840 111162 104181 118739 106077 104132 117952 123544 120738 120322 118852 112362 120770 127203 129397 103502 96043 117580 121113 126102 109007 135824 
141450 161558 134616 133208 120870 126850 141923 126799 117125 110271 151554 122102 136600 128889 112557 139413 128733 133537 116124 113466 121635 120350 127440 130032 130520 150463 113392 134894 136836 125740 114824 116942 112422 119251 132926 139015 130045 114540 135970 121593 122691 144146 134978 116504 118213 120989 131147 152489 123637 145454 
129623 134864 133911 119086 119134 117093 125656 127487 126177 101296 127840 100087 117910 110050 111128 131844 123251 123038 104604 101292 116315 125793 113870 141897 122344 125851 92829 110657 110937 107593 115426 103397 86028 107809 128274 121178 117284 112214 127103 114260 113781 124269 118412 111701 113032 100985 110376 113516 108247 140634 
150852 142920 145267 143414 129959 137549 138448 121607 136456 124607 152183 111092 125562 126427 124631 139105 135069 134420 125401 105210 140847 135218 133276 126046 127156 150383 122873 132241 138209 120243 121507 119563 110787 110537 133207 142711 140275 124308 139838 135754 121045 138487 135069 109598 112821 120144 134564 135782 123060 152692 
115841 129560 123922 124921 113699 116217 130455 112320 112837 113410 135368 98889 110269 106547 106523 124324 126715 117415 114024 104124 102504 111935 110960 115611 108766 127331 100519 128849 116782 120434 104008 95054 98838 99212 124546 117746 106840 112759 123969 112656 107501 133912 117592 99809 93785 105977 116707 126146 99670 132420 
125762 139869 119032 121066 115040 98516 123062 123322 120355 110736 142867 108231 125283 107047 102747 115380 116026 112662 97698 96341 110703 122210 110246 120310 114959 120242 101690 111374 109706 96935 107959 100183 90787 107897 112839 123762 120155 107114 113044 115839 111840 118339 119459 103621 98264 101115 113818 113158 102388 132351 
148736 155824 142275 141514 134089 124449 140985 132481 140077 128592 165493 113068 122974 125690 116472 157219 121369 130875 128859 110625 120532 130114 134423 147438 135273 157567 111816 144384 126858 124353 124108 133341 121502 130385 134252 134055 132473 134198 152672 124907 125138 143974 141855 120274 114847 127205 139020 139927 123280 150379 
152580 158683 140783 147666 136400 134772 155913 128026 142541 141038 165834 122773 132015 129834 120853 149079 140678 126856 139254 118475 126612 130119 139901 139872 133832 157470 129070 147507 141534 137053 121233 126083 130798 123476 150217 150642 140902 142999 151285 141667 130604 148253 138749 121113 123772 129248 150304 141145 127859 161683 
140837 133243 129629 135772 128389 125549 134784 130744 136160 113893 145561 117947 113082 120449 120480 147372 136844 129136 122809 109262 123280 131970 120079 135044 127645 147323 114229 133517 132716 111762 118079 120143 109631 105053 149130 149404 129497 124276 150633 122757 107431 138087 132392 106595 122038 117810 115537 127958 122817 142661 
156198 157411 146327 151783 132480 137568 153796 138096 153933 128810 155912 118417 141314 134244 124188 150655 140763 144235 124771 106894 135114 145408 145095 141333 131190 165086 123905 145988 148095 128488 136113 134919 115831 126905 153030 144925 153389 136815 153392 131170 138515 144208 150468 133932 117528 123650 133570 143492 133224 166713 
137873 140670 127875 133953 116911 126638 131964 125086 125229 120471 147082 112714 118186 117644 111902 138823 121902 117885 116530 113627 119480 123354 126809 123348 121245 137062 105177 130117 122085 123011 112750 114786 117399 119750 127142 134918 126635 127001 142581 115839 117991 143350 129521 105290 99122 112065 134479 129648 116357 140772 
144800 161383 144266 140270 137587 135900 141601 126108 140445 124883 161281 120023 131986 125863 121872 147489 138098 122073 112787 110468 135918 133194 125765 142029 135705 145323 122133 130786 137285 124215 117977 130038 115663 115919 130091 145780 149849 126541 145202 130484 126541 149146 133898 110133 120305 119938 126862 127976 113130 163040 
142183 142326 132982 124495 127006 131226 132859 127222 124739 112627 146349 102800 120323 132761 119690 151707 130209 126139 113975 100847 126643 121037 119273 135220 125503 143641 105530 128590 120851 114101 116353 118426 109995 112077 140192 140570 131386 114428 148691 123645 116954 126938 126166 115677 110909 122105 123263 129355 110045 141293 
133754 138454 132253 127169 122969 136931 140480 133070 129578 127372 154309 108640 121942 118537 117651 132592 144645 134391 126850 102715 124038 128447 133682 131502 125976 140102 120912 129774 125219 117923 123725 109715 102479 110205 134881 143960 126651 125806 131197 125651 120977 141784 132828 114559 113021 122094 124321 130045 112944 146437 
148385 154647 146992 145818 126864 133351 149539 121096 133463 131912 163841 120539 143260 127257 128147 146478 131271 131190 116337 104318 135129 136918 126417 135264 124972 149189 127491 135016 135104 124746 130003 120385 116402 123257 134387 146761 148942 133483 137247 140111 127513 137061 141253 121374 125979 112887 132182 145063 132632 152010 
135569 138204 133310 128054 124359 131416 140465 126559 120611 118732 147830 110915 118243 111987 113632 132665 135752 115207 116800 86784 118815 120941 123743 129726 122595 131075 117883 121990 113881 104245 111796 110407 113710 109241 122011 138369 131815 111417 131998 120147 112269 138443 116045 115529 104166 117854 120490 130805 116400 142118 
141724 141981 120050 128210 123719 110980 121091 117766 128762 117646 156380 98419 117582 113591 100546 137832 120584 118148 116517 95048 115407 117262 126273 125118 125141 145249 110086 142829 120247 117550 127957 117423 98703 110956 123069 131429 131389 114872 129868 117957 109077 127407 136148 117895 102738 111080 126102 130415 118257 145673 
123525 138900 122108 116720 108678 117480 106332 118113 119545 94877 125858 96267 104787 103111 96168 115446 123181 112769 103787 96226 123914 119755 111469 122287 112009 118648 101921 105882 114379 103504 113219 94484 87999 99864 125854 120800 117098 99477 111957 99346 98990 127173 115822 104734 104268 102719 109072 117671 106240 134537 
117441 138312 109153 110911 103060 103126 113087 119575 97284 95834 131638 105407 114042 106848 90068 105009 116344 106740 111188 89974 97230 108282 111115 114889 121228 112937 97230 111974 105439 103695 90566 97000 86460 94569 109068 130171 106969 99995 107323 103783 98425 119679 104271 103443 98865 99777 104011 117072 91998 125136 
140249 153623 145582 153160 131075 132161 152734 135905 146468 131467 157331 123693 130948 133776 128000 145980 132405 145498 121902 115304 124495 149396 125487 145331 120092 171269 127492 140396 136697 115418 119128 125317 124776 122990 148509 144685 147550 140989 137464 133260 136291 147152 149477 124210 119824 129438 126938 149216 123617 148923 
119217 119863 104400 98385 104169 93398 112275 112186 101650 83605 125712 90421 98185 102515 95696 114165 107082 104003 110078 92071 94394 106491 105986 117836 110829 112909 86252 110378 93965 91286 100911 97671 83726 102422 113776 112604 93276 93875 109338 100226 98556 106353 101064 100044 91950 102660 95034 102313 89069 113043 
129991 118108 119101 117593 113491 106260 109283 96937 119645 107049 135230 91995 98207 103122 102966 117639 108244 103943 103115 95204 106476 114482 101022 110056 99005 123895 104628 104149 117888 92241 109627 94374 100602 97982 110820 111187 107380 107271 110330 96675 85503 131797 122320 85405 89478 97538 112689 110268 103793 128932 
104051 119388 109061 105383 95849 99663 111657 116704 104194 101010 119330 94488 103236 96204 93915 115298 117805 104040 88638 80298 108195 116254 93610 103385 98776 100845 102809 108728 101891 96108 90910 88927 85721 91727 112402 111492 101679 97755 107702 95817 92840 104236 107833 88546 94955 93346 98580 108357 91051 109897 
141100 141388 132521 133339 120306 128957 133161 130817 139016 120048 155738 123166 123018 125573 126423 139314 128108 139099 122965 106197 125492 136235 125700 131650 123904 142350 112295 127050 132249 122752 129842 122365 113016 119050 133033 142120 131614 122435 132121 130586 120527 135276 136804 108291 112619 118267 134497 135857 120113 147997 
142329 151342 142834 141106 119650 127361 126902 114215 131637 119608 141350 101934 126451 111296 112106 140463 114899 118748 105318 103779 123385 129048 120086 119831 118451 133364 112380 124388 124019 127063 117405 112288 110509 115548 124209 132694 132485 112158 134246 110951 118446 135936 124585 104061 99085 106348 133985 125431 109589 149910 
