127955 119072 125101 122984 119306 124056 131642 112583 106002 129321 130436 129261 108001 125875 129634 132108 115765 114267 119055 147184 122722 102536 116083 124920 120452 138385 108804 106069 111117 139103 100021 116791 106791 126229 132011 144410 126932 124420 122338 115711 125118 129032 129448 116734 128310 130542 120330 116960 130339 134558 
144194 125395 132303 129162 122441 128818 134208 129584 117765 133005 148772 139915 121350 131148 114754 134911 136290 117700 121773 163193 128996 128568 138917 135934 122858 142115 131166 126172 121634 142951 116473 125012 112774 129442 139314 144972 138573 144427 128200 126313 149890 126002 138194 139800 134299 143531 144029 126473 140885 154955 
144107 125096 128629 118264 125884 115305 148763 119828 116616 115725 156873 142177 119157 130092 132113 133750 138325 131453 121167 163626 136029 117168 136149 129800 127124 143409 125908 124941 120874 151009 102026 131930 117946 132045 134194 143886 135360 139808 128435 127673 140209 131096 143511 133105 123665 142316 140194 112909 127993 158417 
128422 107589 119220 121601 111182 111839 131375 112529 108010 111868 136613 132229 106457 110479 115271 103697 119584 110065 106961 138220 116156 103523 112501 131410 111600 118437 104830 99235 98556 120194 96512 111405 97083 121175 118833 126026 115001 128237 108617 118460 133338 105108 122773 124980 110716 123553 122087 111544 123448 126947 
100370 94924 104122 95507 106150 91454 116717 102477 92029 109770 109660 116366 99437 106931 100119 95050 93430 97739 111304 121975 94874 103646 98985 115957 108737 107110 98069 94932 87430 121797 88047 91802 80288 108764 110567 122656 114270 111302 99212 97829 107297 103180 118675 105142 93822 107473 103424 93493 108884 130134 
125231 116081 126186 122465 120379 121647 133289 129574 115052 112056 142525 137085 111179 135286 126344 116845 127187 122135 124194 154398 136471 116791 116703 131161 121943 139876 125180 117105 117250 140885 95336 117885 98683 120631 137670 145284 117013 126754 121011 120913 136168 136797 119242 121976 122565 129702 143223 130118 129051 142786 
133970 113669 117481 121360 122343 114825 138913 109180 97312 116055 130696 130528 115608 117138 112938 120564 114391 111960 116524 148994 111134 108413 130110 135318 121024 130893 111268 112229 112191 134740 97408 114313 102229 124156 119102 135220 138647 128676 118585 106159 129471 107004 134669 117991 128763 122091 133403 119478 124344 137871 
144917 144440 142159 151548 145637 140168 160717 136539 131498 141469 153356 156628 128139 143851 124273 148683 149203 141210 133840 180900 151439 130255 146620 159893 140381 146451 135458 134549 128806 159250 112588 150607 123084 140299 137092 159302 143698 150502 139018 135539 155591 142419 151313 140033 138328 155597 149454 143133 137378 164334 
130476 124107 123790 114186 122397 116634 139612 124325 118942 116083 129733 135813 107774 126878 120663 129134 125335 119592 122409 143418 124355 112740 124179 139037 128895 121477 107587 110765 111103 136114 105075 107178 100972 126885 110853 133395 142527 127655 109472 115351 134591 122656 134738 122032 123914 127647 114937 108394 129125 134755 
104644 108280 99239 109897 111945 105018 128194 101080 88695 110193 125579 126829 100030 96751 114945 99344 96899 104065 106956 131679 96267 99641 111592 121411 106323 113096 103444 100628 91342 122806 85610 94940 91569 106159 118659 118194 116342 113088 102932 97374 121019 115339 112654 103625 104606 121329 116265 105808 106803 129462 
134186 116833 112498 127058 111801 119222 135829 106868 112157 111227 128613 137226 114269 114905 105928 114486 123060 133295 109238 150469 117636 106929 109545 124222 118903 130876 109894 108754 118945 124387 94283 122253 114673 127190 128128 138728 125049 132847 119683 119188 127050 111019 126696 120975 110445 120298 115925 125080 128442 138992 
114161 102829 98197 101852 99579 113197 115002 113915 99525 100594 119686 110931 101922 110072 116234 119153 102269 96056 102882 124138 112052 105240 104208 123581 113772 120720 107377 96447 91315 118979 94110 98130 83519 116659 106845 124815 114103 116302 114316 112078 120665 122883 117188 103456 112016 115200 106533 99535 119045 124726 
148217 134572 134676 132505 130015 132868 144058 127378 122503 127563 149371 138443 132931 134331 133589 142905 129980 128147 131369 165876 134650 123406 134748 138287 125281 144000 125321 122387 123543 151869 112477 125977 116671 143398 146136 165077 138656 154192 132273 134263 147639 133730 143563 137605 139588 145808 136718 130158 144600 158974 
126368 116726 97230 113585 105666 115336 126787 108694 106742 109007 135854 119203 104132 112032 107084 106389 106103 116907 98255 142270 115459 110314 106661 133344 115603 131994 112425 107907 109542 112438 95787 117718 97953 110815 121506 122499 115491 112253 123146 116364 123473 110033 114422 103918 112975 114511 107816 109662 122055 129671 
160512 137883 129589 130443 119202 139247 137843 122839 122407 132460 152154 143663 129013 126538 119954 136506 140118 128937 113636 165653 125200 123794 131383 140322 120540 146859 124347 126443 108505 135874 109071 133657 115776 134499 146217 150931 131861 144725 125568 133427 141303 121845 137999 140453 130524 144152 145991 140804 133245 150392 
126928 107067 106259 123587 114205 112415 117406 111658 103882 109941 126719 133391 119548 107875 113068 115326 111726 109360 115979 147391 118129 102545 110166 124824 116939 120896 119478 114978 98933 124150 95780 111030 90933 122825 123951 130819 125009 126036 105999 104889 117954 105451 123644 121964 119587 118386 127714 110998 121223 128608 
133298 127363 124487 130451 121109 129863 146431 124655 125527 125108 150089 152361 124776 123321 130922 113492 123984 127250 122642 160052 134726 125237 122119 150805 133287 148696 117744 122549 121828 146988 102865 129753 104011 134479 143963 149174 134734 133123 127548 127039 148148 123697 132530 142626 129722 144641 142199 129003 125055 147977 
110523 109182 110064 110473 110338 111810 135408 109026 102702 100197 126239 125227 102565 109023 107933 105602 116239 102838 106376 136835 109262 108281 115552 128297 119237 125895 97653 104192 95391 129365 97014 122658 96030 122343 118920 128685 123825 122607 97694 101205 120995 108540 118083 113221 115200 123944 118651 117038 110566 128796 
157140 140662 137898 148915 135105 139839 156400 123916 125490 141353 156860 159750 138037 140845 132802 142818 141453 141187 127298 179217 138220 129781 140477 158011 134985 150805 143093 133586 130076 149309 112281 130565 122293 146340 156478 168165 148115 158211 136449 127597 156494 131425 145621 142747 143720 141610 155402 143763 149048 164187 
123200 103899 102605 115354 106363 112037 121714 102897 100330 104147 124389 121470 110021 105451 119446 100274 114311 106958 92470 130075 104042 99983 113392 121530 110014 127672 105029 104819 98366 109682 92546 107003 99426 123095 112693 117972 123147 115358 106019 104964 128725 105676 126335 108096 108741 117049 105024 100484 117290 122398 
146669 137405 126970 143447 132705 128517 158186 125809 127620 133171 153502 142677 123591 132773 120567 128453 135200 140092 121479 163496 130001 128183 135142 154532 130753 148259 123616 127316 125274 141516 120717 138393 114045 128791 135420 150344 138898 139504 133969 135195 150319 131330 147885 135785 121758 143714 129401 128271 131100 152522 
135753 107029 115888 122793 112287 123446 120065 120536 105470 115960 127747 132912 117357 122675 112658 116948 116423 115679 115078 146248 119510 113247 114971 130979 121238 135994 132250 118546 106345 117966 105628 110632 93274 125124 128260 133234 119671 134597 124708 116043 130409 121441 132901 121358 120382 123518 132427 126481 126452 138960 
147912 132483 131041 149015 135753 131780 162983 135855 125077 143114 171852 159602 116232 144123 142204 123205 131760 147401 136990 175568 139915 122802 126251 157186 140073 140873 129501 123121 129566 142938 108407 141552 112367 132647 143903 154881 141017 152737 136280 139011 148973 130784 138355 152454 124761 152072 142260 135347 136480 157882 
122051 105184 103264 121523 108669 119434 115850 108398 106197 116601 119714 130453 107802 112103 109658 115896 101462 114161 115352 132948 119042 102068 108328 108011 112075 122114 105407 101440 109122 110863 92034 106578 99024 111879 111318 134433 123848 121355 113429 107001 124840 109099 120617 111113 108187 114373 108184 106402 130665 134622 
133518 137152 135885 140415 139607 123920 155775 122074 127427 127823 151966 149864 138760 130125 133801 133270 130533 139435 131841 161556 137928 119383 134905 149336 130720 140848 127780 123392 125151 150081 111849 130179 118754 139658 140941 153979 136432 150326 125226 127622 143943 131608 155984 139286 141055 150481 134925 129720 134729 151837 
112327 93355 101484 114035 102596 110636 119082 106094 95847 109812 119216 116954 101968 112098 99990 99969 110457 103522 99559 137239 100526 108101 116667 116215 113259 124371 106157 107658 96766 115131 89209 110623 92407 109282 109206 119533 121684 108245 117859 107368 125593 105634 124777 109440 103942 114420 116441 105853 112656 129524 
137332 121742 124921 121534 126292 121659 140491 125469 118925 116106 145040 135916 124764 124201 122631 120439 145430 121240 108695 159256 123114 117851 132578 133881 125091 151851 120540 126826 104744 153229 103182 129972 114185 137485 131768 136370 130719 135121 130578 134952 149238 125941 140323 125190 126204 144457 144522 122983 124373 146850 
120437 119446 116908 121078 119678 117788 143500 122622 120332 121389 144150 142727 112387 122752 120250 109492 127143 122056 115588 154573 118555 113189 117667 134995 124690 136503 117126 116616 119157 133669 88533 124853 101242 130588 121577 132257 125724 124432 119694 115198 130766 123763 129275 120822 127960 127387 131326 121714 132895 146574 
129057 121025 130933 128798 126102 109551 144556 123247 109962 130728 142848 135155 126095 127093 125626 109635 120807 124309 121630 155446 121377 119158 120275 140102 119952 136336 117980 114313 115171 150419 95584 118355 109237 133117 133835 144526 129359 133449 127781 135158 145842 122716 136004 132516 112320 134041 140616 125076 126850 152267 
125937 119609 114711 117030 114452 118377 126402 109588 113342 121962 126257 134117 119256 123762 114896 106076 118140 125314 115867 137250 117204 109181 114353 129978 118707 129092 116252 113875 111780 120374 94918 111675 97837 121764 125575 139209 131714 124761 124662 114173 130122 118292 129669 124789 107583 128210 115184 112673 123259 143465 
140186 123042 128962 120928 126010 116983 141993 114256 106694 117435 136729 141034 114153 126787 119849 122069 129890 116131 116565 150745 127506 107818 127822 137623 129461 138311 117928 116289 116502 143308 101314 121955 110743 138665 131056 145424 132513 135710 114013 98969 135125 119464 129932 116221 132970 121117 134576 126780 128368 145832 
126334 109423 105286 128087 103299 108722 131919 111344 118336 121867 132939 123560 111417 121964 108377 105150 112137 115965 111629 142291 117664 107671 111558 134586 116339 130151 109333 106871 103718 123085 96875 108009 101331 113060 118150 127998 126684 112801 114304 115510 118696 101943 115508 118772 110121 109968 122273 114773 120336 131023 
127259 116054 124458 117351 119609 118507 138605 120677 96582 121877 147602 142348 115455 116891 129015 108289 116827 114107 121450 154408 106333 108702 122453 139086 122724 131042 116916 120455 102346 150082 105886 117748 108583 138665 140592 144174 126827 139517 129389 119636 138480 123957 128170 128369 123620 147585 134789 113595 122860 138924 
155781 136933 145757 145613 140554 150501 166806 143227 133145 145257 157358 164808 138537 140711 144575 146873 138361 136828 143707 177933 136247 142947 147257 160494 146629 156836 144646 143153 128222 166028 122666 135926 124160 158667 147058 175944 157313 161090 160394 148433 162844 143732 158927 147721 141571 157762 154826 141194 148614 169069 
153892 133918 136163 142055 130302 136558 147516 130721 131506 142586 150701 162600 138998 143765 130337 127821 137114 141506 133923 181789 133040 128652 132975 151094 138020 151666 143123 135782 130918 143023 102508 134019 112008 143007 148794 158091 148344 153916 145158 132327 144162 132039 149302 149093 138308 143782 144737 137949 151123 170992 
149676 129139 126295 132209 129938 133518 146817 123681 118207 113651 148309 153994 123180 127480 133987 138353 135789 130903 128904 169760 137680 124245 132592 151353 130151 145682 125400 130959 112244 150256 110808 136078 113336 142487 137282 145532 141661 142081 128111 133618 150179 127027 135360 128957 133363 139478 144424 127539 138044 157532 
178742 159293 147070 155305 154552 147354 170009 140898 146137 158419 183606 168658 138166 159170 150389 165688 164419 156229 147334 185078 158741 136223 153118 168372 144429 174701 137617 143520 149125 163079 125892 153804 144266 157614 165355 176520 170021 163461 150136 146772 173673 153616 164190 163699 151638 162392 161995 147599 160424 189511 
131693 107777 108529 116511 105411 115316 136385 125143 120105 121721 132783 123586 113901 112677 104980 111290 125195 114764 109800 153714 103191 117422 114054 130921 122167 138939 114469 115973 102870 131590 102320 111207 106677 133541 126695 135222 131834 123463 122421 128804 126345 118877 133192 113657 113438 120090 117405 118337 126787 132344 
151688 127180 125431 115493 123487 122402 123204 128657 112722 113604 132764 129029 125855 126860 126869 123910 125779 119663 116383 146549 114315 115114 121265 136495 121298 130597 117386 116907 107025 133061 100401 115141 96700 136794 141166 154204 120266 135023 120765 120227 130191 119849 132304 130595 124270 131789 126762 124454 124105 139029 
121127 106451 109941 97271 100359 108137 106941 104212 98153 111247 119701 124285 102462 116652 103065 100826 106248 102378 108127 136405 106417 105888 103698 119293 104450 107728 113641 103725 94627 114336 80308 97531 82562 110581 121255 128282 108006 114618 113893 111939 112373 103300 103823 108271 100651 112280 107125 105740 123687 126941 
130513 127833 123442 130095 142066 119678 138113 122022 118456 134445 148480 145632 125035 121835 135011 123788 120419 128972 116755 153223 131524 123459 111251 132945 129475 148411 124314 122469 111512 142165 100460 125452 114155 127535 139946 143366 122412 129833 126431 128258 134590 131005 144305 132492 123966 138706 134830 129863 118754 157386 
138032 120071 129484 127929 123890 135383 141708 124095 116615 131543 141986 146143 128579 121021 139595 133108 124112 124470 124201 163111 135697 128555 113791 138057 135348 152254 118801 115973 119750 140467 108140 113755 112052 146172 138615 145051 138486 137124 130240 134843 154094 132911 147381 131265 136462 133321 136665 132312 147341 158386 
123087 116776 118898 128640 118117 121315 137071 119098 116994 116235 140102 144495 116771 134849 129603 115108 121650 124034 121850 158761 133264 114182 117191 137682 124895 126979 115139 109903 120585 132646 95750 111269 101233 129016 132643 135114 130850 135614 107916 121942 138896 125824 129966 131389 131932 132992 125677 115112 139034 139262 
118275 98115 100617 105272 101203 109542 111859 101330 87994 93198 120428 121747 98348 104354 100538 108052 99102 110328 115340 131524 105908 89079 105576 109500 103778 112903 103862 99495 100461 113894 86370 107665 88860 103520 116865 122863 114668 112668 113296 98729 116523 112675 110423 95594 109525 111941 112059 97260 119614 126262 
113109 102437 109792 116997 107793 113230 118765 103294 97021 112399 113544 121194 112558 111745 109813 114511 106385 99018 96263 131299 105844 106652 112762 121334 109996 110840 111960 105964 102189 114973 80358 98584 92990 114957 115840 135003 111632 109674 104365 98014 111452 97203 120520 110508 115568 113939 120501 114017 108839 113273 
122481 105795 113406 114716 110463 115874 121446 99606 94301 111037 119516 130858 94104 111941 107837 112549 110173 106651 100312 137295 102856 102879 112608 109244 110878 121909 105690 97187 110137 109038 89153 109093 96480 119792 125380 127388 115476 118066 105999 94975 125485 105874 119802 106358 114745 105446 115116 105035 127622 125706 
133854 129632 112629 138573 141300 129768 144762 125108 113827 116276 140480 141976 122301 108588 114961 127984 137503 130209 121293 162726 123359 111727 135051 141910 127144 135172 122557 129208 115220 144538 106664 145165 117707 141156 137766 146085 138624 133784 131540 124164 138121 141510 150396 120647 123746 146449 123016 122823 131276 151131 
109464 104825 103034 113358 102287 101409 126053 101628 102119 105282 118534 118354 104332 107804 99293 105216 104114 111659 93966 132566 108325 104876 99536 120821 110493 119728 99930 99801 96878 118694 85185 109272 97528 103055 104841 119735 106714 108251 101488 104370 107121 99211 115324 106990 101361 110507 111007 111886 100421 120889 
130504 116052 123202 118021 118508 116074 135273 122938 109426 122096 148566 134264 110012 134497 131334 107829 126509 121700 111605 146389 123993 109284 122354 132010 117512 134854 119864 117322 111841 127929 105205 122734 102521 130960 124968 146433 121567 140664 121543 121893 140216 127636 132351 128657 115901 142169 119418 109640 125497 135424 
127242 121187 118542 117249 121030 122378 122678 116323 103752 111998 144109 134315 95927 109422 102885 125572 121423 120723 111113 144920 115428 106152 117982 106808 105114 123991 112621 105759 108848 123300 97578 123695 110848 113292 130656 134634 113765 126791 108635 108537 133120 123905 118281 113410 113612 125573 130383 118172 128469 135454 
